1.036838 0.000000000 0.000000000 0.000000000 0.000000000 0.000000000 0.000000000 1.000000000
1.140533 0.494755745 -0.100531593 0.010215081 -0.000730278 -0.000407233 -0.000068223 0.999999648
1.244202 1.550358176 0.044700433 -0.005413610 -0.001744992 -0.000117677 -0.000215202 0.999998447
1.347895 2.178475142 -0.047822297 0.018038349 0.000465543 -0.000415751 0.002300083 0.999997160
1.451588 2.967209339 0.021770168 0.015855970 0.000139656 0.000113887 0.003121309 0.999995112
1.555258 3.985221148 0.031369306 0.003445610 0.002897177 0.000114897 0.004683544 0.999984829
1.658927 4.866998196 -0.031431772 0.029935921 0.000680961 -0.000972163 0.002760275 0.999995486
1.762596 5.743927956 0.033708006 0.026640695 0.000755063 -0.002044337 0.006832418 0.999974284
1.866266 6.658147812 0.073438682 0.037210278 0.000839224 -0.002888032 0.005893188 0.999978112
1.969932 7.464970589 0.038241647 0.049645059 -0.002563594 -0.002809510 0.006784257 0.999969754
2.073595 8.384577751 0.085533932 0.049546409 -0.001736253 -0.001782593 0.007453312 0.999969127
2.177267 9.237864494 0.108532585 0.066047445 -0.002856321 -0.000988349 0.008435416 0.999959853
2.280941 10.182167053 0.108559772 0.080004975 -0.000722396 -0.001058581 0.009369487 0.999955284
2.384609 11.063013077 0.098938726 0.080255531 -0.001960127 -0.001088620 0.009235494 0.999954838
2.488278 12.013457298 0.147104591 0.088997401 -0.000796865 -0.001534241 0.010786973 0.999940324
2.591962 12.935564041 0.143123075 0.097347774 -0.000210215 -0.000929741 0.010657225 0.999942756
2.695677 13.880823135 0.205061585 0.112054013 -0.000470821 -0.000013926 0.010686082 0.999942791
2.799380 14.778465271 0.210766539 0.112380564 -0.002620851 0.002723010 0.011002110 0.999932333
2.903050 15.751255035 0.271459281 0.110627867 -0.002179301 0.004264645 0.009775101 0.999940754
3.006695 16.680309296 0.249901712 0.113901779 -0.001275018 0.005324392 0.009538196 0.999939522
3.110342 17.648384094 0.283354998 0.107903555 -0.000922258 0.004495704 0.008800258 0.999950746
3.214011 18.624610901 0.299041271 0.117607921 -0.001289994 0.002099226 0.008065661 0.999964437
3.317656 19.587104797 0.308844030 0.105897449 -0.001670957 0.000829387 0.008258796 0.999964156
3.421276 20.510686874 0.348318577 0.119903997 -0.000910966 0.000798173 0.006704368 0.999976792
3.524892 21.490299225 0.347312182 0.121578947 -0.000488969 0.003068780 0.007526107 0.999966850
3.628515 22.438455582 0.357607424 0.128795311 0.000314000 0.005226384 0.007367227 0.999959154
3.732139 23.495937347 0.360629916 0.129130349 0.006609239 0.004650236 0.007537788 0.999938936
3.835784 24.475311279 0.399243921 0.129734874 0.006993946 0.003457416 0.009304144 0.999926279
3.939429 25.342876434 0.386133790 0.139656916 0.007245003 0.001530743 0.008953766 0.999932496
4.043069 26.404521942 0.434059441 0.132455558 0.004928359 0.000984734 0.011579506 0.999920325
4.146738 27.387451172 0.464409053 0.136164680 0.005385284 0.002033794 0.010871861 0.999924330
4.250436 28.354654312 0.493251562 0.134985313 0.005258496 0.003465657 0.011884356 0.999909546
4.354154 29.401058197 0.531435549 0.137983337 0.002278380 0.003921146 0.012428369 0.999912481
4.457872 30.394149780 0.529623330 0.134529173 0.003572866 0.005315040 0.013090131 0.999893811
4.561566 31.396497726 0.588807464 0.147253171 0.002069357 0.006850201 0.012969119 0.999890291
4.665209 32.392307281 0.616863430 0.141593188 0.001036155 0.008423331 0.013121543 0.999877892
4.768829 33.440139771 0.651031971 0.129452497 0.001207721 0.008324367 0.013232418 0.999877067
4.872472 34.410427094 0.672725320 0.122510709 0.002070752 0.007746525 0.012944000 0.999884071
4.976142 35.375152588 0.710732579 0.120769545 -0.000347235 0.006903093 0.013120703 0.999890031
5.079813 36.396934509 0.747623742 0.119269527 -0.000525260 0.006609933 0.014044905 0.999879379
5.183457 37.385696411 0.732123971 0.109888501 0.001748020 0.007242111 0.013358436 0.999883017
5.287101 38.395439148 0.814692140 0.111283407 -0.000505310 0.007904516 0.014774747 0.999859475
5.390771 39.299758911 0.837650418 0.110045999 -0.000728996 0.006275963 0.014675046 0.999872354
5.494467 40.345901489 0.858330607 0.106221952 -0.000410384 0.004454754 0.015023362 0.999877135
5.598157 41.348270416 0.902369559 0.103013746 -0.001322789 0.003773050 0.015153222 0.999877190
5.701829 42.292079926 0.947077453 0.110157959 -0.002350337 0.005359149 0.014771111 0.999873777
5.805501 43.289978027 0.968174040 0.108151399 -0.000698276 0.007359622 0.015987499 0.999844862
5.909162 44.226524353 0.982661307 0.101190053 0.001625057 0.007736033 0.016485555 0.999832856
6.012831 45.116840363 1.025473356 0.096444771 0.004044193 0.007101853 0.015117411 0.999852325
6.116504 46.148857117 1.043861747 0.100867815 0.004461806 0.006845395 0.016550550 0.999829642
6.220174 47.091831207 1.073737741 0.091400139 0.004846474 0.007086516 0.016515929 0.999826744
6.323867 48.065483093 1.104493499 0.087743104 0.005058032 0.009337771 0.017601535 0.999788682
6.427585 49.096565247 1.160400271 0.082152039 0.007647515 0.012372555 0.017614217 0.999739053
6.531277 49.983619690 1.191664696 0.073070608 0.006741081 0.013622790 0.018231117 0.999718262
6.634945 50.914527893 1.226369619 0.080838308 0.004582358 0.012471519 0.019073219 0.999729801
6.738616 51.838424683 1.267582059 0.061323009 0.006048343 0.008683399 0.018674443 0.999769614
6.842289 52.732448578 1.333457470 0.062229011 0.004944327 0.006127161 0.019492687 0.999778999
6.945958 53.652667999 1.387416601 0.049046636 0.001328748 0.005943717 0.020356843 0.999774227
7.049625 54.557506561 1.435667276 0.043364175 -0.000047409 0.007187312 0.021094876 0.999751642
7.153271 55.478996277 1.467661262 0.048777752 -0.000385662 0.008279917 0.021562705 0.999733136
7.256889 56.364662170 1.572551966 0.044942442 -0.000244866 0.008328204 0.023384866 0.999691817
7.360509 57.159622192 1.522318840 0.056454208 -0.002702383 0.008562375 0.021518668 0.999728128
7.464109 58.059108734 1.597044826 0.047226369 -0.000354119 0.008950633 0.022628587 0.999703810
7.567731 58.869243622 1.643631339 0.040806487 -0.000291236 0.009145522 0.024113186 0.999667359
7.671397 59.680328369 1.654415369 0.039970558 -0.001164335 0.009803100 0.024056334 0.999661861
7.775065 60.420631409 1.740981698 0.035455111 -0.003021270 0.010866683 0.024258897 0.999642082
7.878745 61.262214661 1.755762100 0.023335811 -0.003582387 0.013188219 0.024728499 0.999600790
7.982386 62.041454315 1.818888068 0.024157483 -0.004770505 0.014316075 0.027112831 0.999518477
8.086046 62.820468903 1.880587339 0.035008837 -0.005686407 0.012794904 0.026249919 0.999557351
8.189739 63.519794464 1.915634990 0.013783257 -0.004899637 0.009235787 0.028115648 0.999550001
8.293411 64.238533020 1.958754778 0.017874548 -0.006555344 0.005965181 0.027836035 0.999573209
8.397084 64.940292358 2.007643700 0.005722999 -0.008217590 0.005416752 0.027881078 0.999562792
8.500727 65.598472595 2.079481840 0.002609020 -0.009390817 0.006787510 0.028362836 0.999530536
8.604372 66.278259277 2.085982323 0.004963083 -0.008011279 0.008019785 0.029074850 0.999512959
8.708063 66.914451599 2.139224291 0.019008622 -0.007447772 0.006924497 0.029739806 0.999505941
8.811732 67.505424500 2.155116081 0.016664507 -0.003887324 0.004332310 0.029592506 0.999545098
8.915405 68.115608215 2.201150179 0.020989968 -0.001163870 0.002385456 0.029145056 0.999571669
9.019098 68.699440002 2.238513708 0.011085293 -0.000480341 0.001882263 0.027107139 0.999630646
9.122790 69.273246765 2.285045385 0.013882790 -0.004823020 0.003138298 0.025408487 0.999660592
9.226504 69.802635193 2.284102678 0.002666841 -0.003379586 0.004520413 0.023456823 0.999708919
9.330221 70.341827393 2.340898514 0.012716871 -0.001478339 0.006864604 0.019971461 0.999775891
9.537682 71.368064880 2.348302841 0.017760368 -0.000672830 0.009000839 0.010680945 0.999902220
9.641472 71.873382568 2.352182865 0.021437127 -0.003120397 0.008808252 0.003758294 0.999949275
9.849118 72.943389893 2.309236765 0.011741809 -0.006121273 0.009629197 -0.014870097 0.999824329
10.056845 73.751091003 2.249644041 0.016583012 -0.004033031 0.011860990 -0.043978457 0.998953926
10.264660 74.567932129 2.100512743 0.014913074 -0.003767706 0.014188627 -0.077697174 0.996868916
10.472577 75.333023071 1.851040959 -0.005368018 -0.004205365 0.014202622 -0.120269854 0.992630728
10.680587 76.165428162 1.711017013 -0.004134942 -0.006445989 0.013105570 -0.175717498 0.984332289
10.888625 76.859390259 1.311014891 -0.022385465 -0.007287100 0.011758189 -0.233359187 0.972292205
11.096558 77.472755432 0.902349889 -0.030433806 -0.007022803 0.010622511 -0.295875309 0.955141688
11.304305 78.014373779 0.351074189 -0.025778567 -0.006338293 0.010963349 -0.355911351 0.934433915
11.511835 78.389083862 -0.200712591 -0.038492650 -0.006420473 0.012410806 -0.415226639 0.909610679
11.719176 78.849082947 -0.856954217 -0.042150326 -0.003756134 0.010484107 -0.469369651 0.882931541
11.926415 79.124633789 -1.536163092 -0.028083928 -0.006804069 0.010559877 -0.517663400 0.855492138
12.133541 79.429031372 -2.284516573 -0.035640750 -0.006942688 0.008491469 -0.558276032 0.829582766
12.340538 79.635467529 -2.994133234 -0.042886212 0.003462241 0.005177307 -0.592037880 0.805886069
12.547519 79.832878113 -3.720909595 -0.014083717 -0.003864734 0.006777638 -0.619801371 0.784719943
12.754497 80.005523682 -4.525137901 -0.016054811 -0.007955586 0.006279641 -0.640699235 0.767725058
12.961522 80.106361389 -5.339486122 -0.014668263 -0.005750610 -0.002256090 -0.658500089 0.752555296
13.168598 80.222267151 -6.238391399 -0.012227025 -0.009695128 -0.003874659 -0.672620207 0.739914217
13.375743 80.281066895 -7.104758263 0.004423028 -0.007882425 0.000108459 -0.683965246 0.729472000
13.479341 80.297622681 -7.622487068 0.017371409 -0.006722544 0.000526089 -0.688478996 0.725224932
13.582937 80.326293945 -8.139548302 0.027550563 -0.004787937 -0.001082683 -0.692310441 0.721583090
13.790108 80.300331116 -9.196180344 0.034410913 -0.002651893 -0.003576994 -0.699106897 0.715003301
13.893728 80.288177490 -9.760691643 0.042653896 -0.003152160 -0.003249165 -0.700166639 0.713965114
13.997371 80.356552124 -10.295801163 0.052524433 -0.002443502 -0.004526068 -0.702897219 0.711272834
14.101041 80.436340332 -10.842601776 0.058135755 -0.003142332 -0.004500204 -0.705924723 0.708265599
14.204688 80.323753357 -11.524944305 0.056629658 -0.001742886 -0.005687902 -0.705885247 0.708301227
14.308333 80.249755859 -12.167566299 0.066102073 -0.002170493 -0.005188392 -0.706668330 0.707522608
14.412026 80.282295227 -12.787789345 0.073458321 -0.001286729 -0.005751770 -0.707573309 0.706615365
14.515713 80.266090393 -13.422938347 0.075149372 -0.001714103 -0.005101767 -0.708526296 0.705663888
14.619359 80.288993835 -14.043119431 0.086319931 -0.000128327 -0.006038849 -0.709304115 0.704876718
14.722987 80.249839783 -14.771640778 0.088722087 0.000992501 -0.007051614 -0.708400092 0.705775176
14.826605 80.276313782 -15.453998566 0.102484912 0.003804805 -0.009731356 -0.707781692 0.706353949
14.930227 80.283340454 -16.181766510 0.112453729 0.001307989 -0.007315480 -0.707249955 0.706924518
15.033875 80.227806091 -16.924165726 0.111110389 0.002862457 -0.008387453 -0.704020300 0.710124549
15.137541 80.277641296 -17.730171204 0.116370276 0.003978359 -0.007502425 -0.703450853 0.710693171
15.241209 80.245956421 -18.437681198 0.127389848 0.006223466 -0.009599329 -0.701872588 0.712210637
15.344880 80.307144165 -19.379159927 0.130573094 0.005189600 -0.006421329 -0.699727018 0.714362607
