0.000000 0.000000 0.000000 0.000000 0.000000 -0.000000 0.000000 1317617735.971513 0.000000 0.000000
1.000000 0.494756 -0.100532 0.010215 -0.000136 -0.000815 -0.001461 1317617736.075208 0.504969 0.000136
2.000000 1.550358 0.044700 -0.005414 -0.000430 -0.000236 -0.003490 1317617736.178877 1.570630 0.000430
3.000000 2.178475 -0.047822 0.018038 0.004600 -0.000834 0.000929 1317617736.282570 2.205958 0.005460
4.000000 2.967209 0.021770 0.015856 0.006243 0.000227 0.000280 1317617736.386263 2.997760 0.007103
5.000000 3.985221 0.031369 0.003446 0.009368 0.000203 0.005795 1317617736.489933 4.015892 0.010228
6.000000 4.866998 -0.031432 0.029936 0.005519 -0.001948 0.001357 1317617736.593602 4.900300 0.014076
7.000000 5.743928 0.033708 0.026641 0.013662 -0.004099 0.001482 1317617736.697271 5.779652 0.022219
8.000000 6.658148 0.073439 0.037210 0.011782 -0.005786 0.001644 1317617736.800941 6.694796 0.024099
9.000000 7.464971 0.038242 0.049645 0.013583 -0.005584 -0.005165 1317617736.904607 7.502481 0.025901
10.000000 8.384578 0.085534 0.049546 0.014913 -0.003539 -0.003499 1317617737.008270 8.423304 0.027230
11.000000 9.237864 0.108533 0.066047 0.016877 -0.001928 -0.005729 1317617737.111942 9.277060 0.029194
12.000000 10.182167 0.108560 0.080005 0.018741 -0.002104 -0.001465 1317617737.215616 10.221465 0.031058
13.000000 11.063013 0.098939 0.080256 0.018476 -0.002141 -0.003940 1317617737.319284 11.102364 0.031323
14.000000 12.013457 0.147105 0.088997 0.021577 -0.003051 -0.001627 1317617737.422953 12.054068 0.034425
15.000000 12.935564 0.143123 0.097348 0.021315 -0.001855 -0.000440 1317617737.526637 12.976221 0.034686
16.000000 13.880823 0.205062 0.112054 0.021373 -0.000018 -0.000942 1317617737.630352 13.923621 0.034744
17.000000 14.778465 0.210767 0.112381 0.021991 0.005503 -0.005182 1317617737.734055 14.821281 0.035362
18.000000 15.751255 0.271459 0.110628 0.019532 0.008571 -0.004275 1317617737.837725 15.795964 0.037820
19.000000 16.680309 0.249902 0.113902 0.019064 0.010673 -0.002448 1317617737.941370 16.725275 0.038288
20.000000 17.648384 0.283355 0.107904 0.017593 0.009007 -0.001765 1317617738.045017 17.693947 0.039759
21.000000 18.624611 0.299041 0.117608 0.016126 0.004219 -0.002546 1317617738.148686 18.670347 0.041226
22.000000 19.587105 0.308844 0.105897 0.016515 0.001686 -0.003328 1317617738.252331 19.632963 0.041615
23.000000 20.510687 0.348319 0.119904 0.013407 0.001609 -0.001811 1317617738.355951 20.557495 0.044723
24.000000 21.490299 0.347312 0.121579 0.015050 0.006145 -0.000932 1317617738.459567 21.537109 0.046365
25.000000 22.438456 0.357607 0.128795 0.014738 0.010448 0.000705 1317617738.563190 22.485350 0.046676
26.000000 23.495937 0.360630 0.129130 0.015137 0.009200 0.013289 1317617738.666814 23.542835 0.047075
27.000000 24.475311 0.399244 0.129735 0.018657 0.006784 0.014052 1317617738.770459 24.522970 0.050594
28.000000 25.342876 0.386134 0.139657 0.017930 0.002932 0.014517 1317617738.874104 25.390692 0.051321
29.000000 26.404522 0.434059 0.132456 0.023169 0.001855 0.009879 1317617738.977744 26.453444 0.056561
30.000000 27.387451 0.464409 0.136165 0.021766 0.003950 0.010814 1317617739.081413 27.436848 0.057964
31.000000 28.354654 0.493252 0.134985 0.023806 0.006806 0.010599 1317617739.185111 28.404482 0.060004
32.000000 29.401058 0.531436 0.137983 0.024876 0.007785 0.004654 1317617739.288829 29.451586 0.061074
33.000000 30.394150 0.529623 0.134529 0.026220 0.010536 0.007285 1317617739.392547 30.444685 0.062418
34.000000 31.396498 0.588807 0.147253 0.025969 0.013646 0.004316 1317617739.496241 31.448860 0.062669
35.000000 32.392307 0.616863 0.141593 0.026264 0.016818 0.002293 1317617739.599884 32.445080 0.062964
36.000000 33.440140 0.651032 0.129452 0.026488 0.016615 0.002636 1317617739.703504 33.493538 0.063188
37.000000 34.410427 0.672725 0.122511 0.025923 0.015438 0.004342 1317617739.807147 34.464092 0.063754
38.000000 35.375153 0.710733 0.120770 0.026239 0.013814 -0.000513 1317617739.910817 35.429569 0.064070
39.000000 36.396935 0.747624 0.119270 0.028086 0.013233 -0.000865 1317617740.014488 36.452019 0.065916
40.000000 37.385696 0.732124 0.109889 0.026745 0.014436 0.003690 1317617740.118132 37.440948 0.067257
41.000000 38.395439 0.814692 0.111283 0.029545 0.015822 -0.000777 1317617740.221776 38.454063 0.070057
42.000000 39.299759 0.837650 0.110046 0.029344 0.012572 -0.001274 1317617740.325446 39.358677 0.070259
43.000000 40.345901 0.858331 0.106222 0.030045 0.008921 -0.000687 1317617740.429142 40.405029 0.070960
44.000000 41.348270 0.902370 0.103014 0.030298 0.007585 -0.002531 1317617740.532832 41.408371 0.071213
45.000000 42.292080 0.947077 0.110158 0.029519 0.010787 -0.004542 1317617740.636504 42.353264 0.071992
46.000000 43.289978 0.968174 0.108151 0.031969 0.014740 -0.001161 1317617740.740176 43.351387 0.074442
47.000000 44.226524 0.982661 0.101190 0.033001 0.015417 0.003505 1317617740.843837 44.288071 0.075473
48.000000 45.116840 1.025473 0.096445 0.030295 0.014080 0.008303 1317617740.947506 45.179428 0.078179
49.000000 46.148857 1.043862 0.100868 0.033166 0.013541 0.009150 1317617741.051179 46.211617 0.081049
50.000000 47.091831 1.073738 0.091400 0.033104 0.014011 0.009926 1317617741.154849 47.155113 0.081110
51.000000 48.065483 1.104493 0.087743 0.035303 0.018495 0.010445 1317617741.258542 48.129257 0.083310
52.000000 49.096565 1.160400 0.082152 0.035426 0.024472 0.015732 1317617741.362260 49.161869 0.083433
53.000000 49.983620 1.191665 0.073071 0.036657 0.026995 0.013981 1317617741.465952 50.049522 0.084664
54.000000 50.914528 1.226370 0.080838 0.038272 0.024764 0.009641 1317617741.569620 50.981110 0.086278
55.000000 51.838425 1.267582 0.061323 0.037460 0.017138 0.012420 1317617741.673291 51.906132 0.087090
56.000000 52.732449 1.333457 0.062229 0.039050 0.012059 0.010126 1317617741.776964 52.802578 0.088680
57.000000 53.652668 1.387417 0.049047 0.040734 0.011831 0.002899 1317617741.880633 53.724472 0.090365
58.000000 54.557507 1.435667 0.043364 0.042195 0.014374 0.000208 1317617741.984300 54.630615 0.091826
59.000000 55.478996 1.467661 0.048778 0.043127 0.016573 -0.000414 1317617742.087946 55.552677 0.092757
60.000000 56.364662 1.572552 0.044942 0.046775 0.016663 -0.000100 1317617742.191564 56.444542 0.096405
61.000000 57.159622 1.522319 0.056454 0.042999 0.017237 -0.005036 1317617742.295184 57.241169 0.100181
62.000000 58.059109 1.597045 0.047226 0.045260 0.017913 -0.000303 1317617742.398784 58.143803 0.102442
63.000000 58.869244 1.643631 0.040806 0.048232 0.018300 -0.000141 1317617742.502406 58.955299 0.105414
64.000000 59.680328 1.654415 0.039971 0.048101 0.019657 -0.001857 1317617742.606072 59.766457 0.105544
65.000000 60.420631 1.740982 0.035455 0.048465 0.021874 -0.005514 1317617742.709740 60.511818 0.105908
66.000000 61.262215 1.755762 0.023336 0.049380 0.026546 -0.006512 1317617742.813420 61.353619 0.106823
67.000000 62.041454 1.818888 0.024157 0.054112 0.028881 -0.008764 1317617742.917061 62.135410 0.111554
68.000000 62.820469 1.880587 0.035009 0.052373 0.025880 -0.010700 1317617743.020721 62.916939 0.113294
69.000000 63.519794 1.915635 0.013783 0.056155 0.018740 -0.009277 1317617743.124414 63.617462 0.117076
70.000000 64.238533 1.958755 0.017875 0.055603 0.012291 -0.012774 1317617743.228086 64.337502 0.117628
71.000000 64.940292 2.007644 0.005723 0.055681 0.011287 -0.016128 1317617743.331759 65.041069 0.117706
72.000000 65.598473 2.079482 0.002609 0.056607 0.014102 -0.018391 1317617743.435402 65.703163 0.118632
73.000000 66.278259 2.085982 0.004963 0.058033 0.016498 -0.015551 1317617743.539047 66.382988 0.120058
74.000000 66.914452 2.139224 0.019009 0.059388 0.014286 -0.014478 1317617743.642738 67.021561 0.121413
75.000000 67.505424 2.155116 0.016665 0.059161 0.008891 -0.007515 1317617743.746407 67.612755 0.121640
76.000000 68.115608 2.201150 0.020990 0.058293 0.004837 -0.002188 1317617743.850080 68.224686 0.122508
77.000000 68.699440 2.238514 0.011085 0.054219 0.003789 -0.000858 1317617743.953773 68.809799 0.126582
78.000000 69.273247 2.285045 0.013883 0.050792 0.006520 -0.009484 1317617744.057465 69.385498 0.130009
79.000000 69.802635 2.284103 0.002667 0.046889 0.009197 -0.006545 1317617744.161179 69.915009 0.133913
80.000000 70.341827 2.340899 0.012717 0.039928 0.013786 -0.002682 1317617744.264896 70.457275 0.140873
81.000000 71.368065 2.348303 0.017760 0.021353 0.018015 -0.001153 1317617744.472357 71.483551 0.159448
82.000000 71.873383 2.352183 0.021437 0.007462 0.017640 -0.006175 1317617744.576147 71.988899 0.173339
83.000000 72.943390 2.309237 0.011742 -0.029863 0.019074 -0.012529 1317617744.783793 73.059814 0.210664
84.000000 73.751091 2.249644 0.016583 -0.088098 0.023345 -0.009103 1317617744.991520 73.869728 0.268900
85.000000 74.567932 2.100513 0.014913 -0.155703 0.027706 -0.009721 1317617745.199335 74.700073 0.336504
86.000000 75.333023 1.851041 -0.005368 -0.241310 0.027188 -0.011770 1317617745.407252 75.505066 0.422111
87.000000 76.165428 1.711017 -0.004135 -0.353511 0.023537 -0.017301 1317617745.615262 76.349167 0.534312
88.000000 76.859390 1.311015 -0.022385 -0.471299 0.019465 -0.019663 1317617745.823300 77.150368 0.652100
89.000000 77.472755 0.902350 -0.030434 -0.600953 0.016137 -0.019705 1317617746.031233 77.887451 0.781754
90.000000 78.014374 0.351074 -0.025779 -0.727996 0.015978 -0.019653 1317617746.238980 78.660286 0.908798
91.000000 78.389084 -0.200713 -0.038493 -0.856663 0.017247 -0.021992 1317617746.446510 79.327400 1.037464
92.000000 78.849083 -0.856954 -0.042150 -0.977343 0.014988 -0.016477 1317617746.653851 80.128815 1.158144
93.000000 79.124634 -1.536163 -0.028084 -1.088455 0.011024 -0.022578 1317617746.861090 80.861923 1.269257
94.000000 79.429031 -2.284517 -0.035641 -1.184760 0.006337 -0.021002 1317617747.068216 81.669853 1.365562
95.000000 79.635468 -2.994133 -0.042886 -1.267202 0.012445 -0.000550 1317617747.275213 82.408920 1.448004
96.000000 79.832878 -3.720910 -0.014084 -1.337070 0.005846 -0.014468 1317617747.482194 83.162582 1.517871
97.000000 80.005524 -4.525138 -0.016055 -1.390897 -0.000552 -0.020264 1317617747.689172 83.985138 1.571699
98.000000 80.106361 -5.339486 -0.014668 -1.437650 -0.010969 -0.005684 1317617747.896197 84.805710 1.618451
99.000000 80.222267 -6.238391 -0.012227 -1.475501 -0.018777 -0.009137 1317617748.103273 85.712059 1.656303
100.000000 80.281067 -7.104758 0.004423 -1.506365 -0.010625 -0.011649 1317617748.310418 86.580582 1.687166
101.000000 80.297623 -7.622487 0.017371 -1.518778 -0.008494 -0.010476 1317617748.414016 87.098740 1.699579
102.000000 80.326294 -8.139548 0.027551 -1.529373 -0.008192 -0.005411 1317617748.517612 87.616692 1.710174
103.000000 80.300331 -9.196180 0.034411 -1.548320 -0.008823 0.001209 1317617748.724783 88.673668 1.729121
104.000000 80.288177 -9.760692 0.042654 -1.551282 -0.009054 0.000049 1317617748.828403 89.238373 1.732083
105.000000 80.356552 -10.295801 0.052524 -1.558965 -0.009874 0.002887 1317617748.932046 89.777924 1.739767
106.000000 80.436340 -10.842602 0.058136 -1.567496 -0.010811 0.001903 1317617749.035716 90.330544 1.748297
107.000000 80.323753 -11.524944 0.056630 -1.567409 -0.010518 0.005561 1317617749.139363 91.022110 1.748385
108.000000 80.249756 -12.167566 0.066102 -1.569610 -0.010410 0.004262 1317617749.243008 91.669044 1.750586
109.000000 80.282295 -12.787789 0.073458 -1.572183 -0.009950 0.006322 1317617749.346701 92.290161 1.753158
110.000000 80.266090 -13.422938 0.075149 -1.574868 -0.009629 0.004811 1317617749.450388 92.925522 1.755843
111.000000 80.288994 -14.043119 0.086320 -1.577094 -0.008695 0.008386 1317617749.554034 93.546227 1.758070
112.000000 80.249840 -14.771641 0.088722 -1.574557 -0.008548 0.011392 1317617749.657662 94.275803 1.760607
113.000000 80.276314 -15.453999 0.102485 -1.572896 -0.008362 0.019152 1317617749.761280 94.958809 1.762269
114.000000 80.283340 -16.181767 0.112454 -1.571308 -0.008493 0.012198 1317617749.864902 95.686676 1.763856
115.000000 80.227806 -16.924166 0.111110 -1.562226 -0.007882 0.015876 1317617749.968550 96.431152 1.772938
116.000000 80.277641 -17.730171 0.116370 -1.560595 -0.005067 0.016211 1317617750.072216 97.238716 1.774569
117.000000 80.245956 -18.437681 0.127390 -1.556230 -0.004937 0.022342 1317617750.175884 97.947021 1.778934
118.000000 80.307144 -19.379160 0.130573 -1.550113 -0.001912 0.016402 1317617750.279555 98.890495 1.785051
